GRAMMATICUS. 686

romaz& 1032 22, 1938 9, ὑποστάτης 171 1111196216.

τομογραφικκ 111νο1711111 1039 8686811187868818818981811288828,818580881, 166
1171711ἓῖ7191118, 78319, 832 8186899682988881181818169818188817898181
1111111111 111111111161
111111161111928. φημ1661836,1081,1282,
11111169838. 1683, 187729, 818929, 8199 21,
1111111111 19011 μ.1113128 110111 2277, 7873. φ1σ116891,1798

111171ρ119988 13. 17, 2088
111111111011111 827 20. φεῦ 13 2, 66 19, 79813, 787
8818287 .” 3881888618 ’8 ’88 138 8881818181, 11111,
11111116 8118118181κᾶ 6671. 888568 198865 3,896818 611711-
1111111111 1911011111 919 9 711- χ1111116667.

2681808187178188886088 68 8888 8Τρ18β8α88770189 117868086118781718198181886886118181266 9.
816 21. φονεύτρια χε7ρ 922 22, 902 79.
τρισυηόστατος 016111 921 19, φοῦρνος 8297 21

wok& 9632, 971 17. φρατριιὶ 9076, 680 18, 7837,

’90178390 ’0187188 ’8 ..’61988 1888
τρυγᾶν27682318927, 18918, 8φ8881ρ681113913 “

19716, 969816, 381 19, 7698 φροντιστήρια 789.) 11 18,’ 179
9, 86989, 191 12. 18, ‚2381444u 393 13.
τρυγητῆρες 6977. φρούριονη 170111 ’.997
τυραννεῖν 92911, 6986, 831 10, φύντες 111111111692. φύσαντες
111Ξ9Ξ7ς8 71011 193918, 1166111 111181881871681181811888989,23933
11811117ἔ11111111111711011807 20, 8889081686, 8708868818 108913888158898 8

880882 208 8 88 888888 888 8888 φ618181618188ς881069 6118.
ὑβριοπαθεῖν 9622, 37319,989 χαλκεύειν ψυχήν 399 23, ὄγκους

11, 83313, 897 21. ῥημάιων 999 23, 7111161 up&
9ορ111ρ11171116192223 86379 1011111111 87073.

1117111 πραγμάτων 7γκυβισιαν807 χαμερπν, ςέμρρίθεια 687 29.

11. χαρμόσυνοι 1717119266 χαρ-
6μνητῆρια ᾄσμ1118911.μόσ1111 1711]γῆ11 ma 783 19.
0111601193 18, 126 11. χ118811011111631888, 16617, 2167.
61111111νί. q. 6181011111 stra· 692 χ1111111111μ11111191,,11111

6,60926, 67221, 679 13, 698 8066, ”79 19,·10111166 11,

13, 70922, 79568, 801 198, 896 7576, χεοέντων8 89 23, xam-

17,’ ’118181 1797. σῃς 891811, 9912, χεο1711139
91118117111161111169916.1,67917,8συγέ10611169116,
6 01111 olym 0111111111 87 17,111χ10111119913 ἐπιχυθεί-
, 1782919919, 21019298 11185911.111111χ1101111199

29. 16118,916 611168111χυθε1ς689
171111111111111 1111111 9927 17, ἐκχυθέν 8.191
11111η111011811 16. χο111118111111111617 15.
611871107111111 927 18, 9826. χιονωδεις τρίχες 8.1769
9πορ1111767 18, 786 10. 61111χ1111162329 798 19, 718
01110111111711111166321.5.11111111χ1(111179819(1-

861191111911111. 717. 717. 38

,1

 

