⁶ 570 iiim

0116511111 111111 11oe 11, 115 17. ‘mirum 1111511109 11.
111111 [iiim 13 15. Hellespontus 51 6, 78 9, 1179,
nonacrim· 351 18. 181 17,
816μ6111561 opp. 99 1, 111 11, 8111111611118,13.

150 1, 17011, 181 18. {landertim liiii 611111 13 11.
magenes cynicus 7 11. Herculii minume 191 18.
8. nimrim 186 18, 313 11, 396 11111111 397 11.

11, 106 10, 11518, 116 11, 116111111111.

111 10, 131 10, 139 15, 111 nicapoiirno 1811. ;

10, 111 1 11 6 1117, 1511, 111611161111181 15, 151 11.

153 16. Hippocraten 101 16.
061661 108 11. nomem 111, 51 15 61 19,118
86511111 15 11. 18, 361111111.
81111 117 11. urrann· 8115γ6111 &uhu 91
Endymion 41 11, 166 ⁶, 111 12. 11, 616, 11613, 111 15, 151
111111 11 11, er 2. a, 161 5, 111 16, 11916, 166
’81651111 396 8. 7, 1113 10, 117 10, 131 1,151
8111111113 11. 9, 501 3, 558 10.
&rogia imperatrix 1381. 8. 1116561 118 11. ,
8116161111 309 5. . {alym opp. 11 1· ¹
816661111111315131111113. larrium 11116 81 11.
Euripus 181 16. 1161661151381 15, 395 15,131
86166110371111. ’ ’15, 1601111111, 1681151915.
86165161 hrot. 151 10, 165 9, 161 mors 51 19.

1816. 1111111 110 13.
8611611 portur 1510, 8119, 558 leterici 517 1.

11. {gratius 5111615111 mrim 11
11161 1161511111 137 5. 19.
Gara 19318. 1111111551 11.

ni Γ1161116μ61ξ66661611111, 1615161 111. 116 13,137 111175. 1

161786,811,11⁷15‚512 1111 611511
13. 1515111111 15 11, 911. 1611661 1111116111 131 5.
(hilinum mre 11 11. 1116111 5111111151 Cp. 117, 511
Germ 13 1, 191 11, 191 5. 17.

1111116111 11 13, 78 1, 115 11, 1611111 1111111161 118 10.

151 5, 190 11. 1611611, 1156111111111 119 5.
Georgia· Lapithes 17 11, 31 18. 1111165 113 10, 316 5.
(1611111615655. ionium 1111111 16.

Gregorius 111111111111111111151 161165118 1.

11 19. ulier 181 11. 11161816116111111161 1186, 111
Gregorio· lirinensis 185 1, 189 10, 151 1, 1881.

11, 19013, 1917,197 16, 301 irene Palaeohgi 1611155710.

10, 317 7, 311 i, 311 13, 359 11116 monachu· 115611 51110.

11, 37111, 193 10. luidonis 1111111151 63 5.
Gregoriur theologus 111 1, 181 innuerim 151,111 18.

1, 1907,197 13, 3016, 313 limonia· 135 3.

11, 31611, 16 10, 161 r, 101 111101711⁵‚s1 11, 166 11. 111

6, 11516111,119 16,111 13.

10, 1183, 15111, 171 11. 16111 1115111611 187 13.

Halyn 5. 116 10. 16111111 16611111 63 5, 330 fl·
1111151 161 8. Ixion 160 3.

81161151 15. Labyrinthus 39 11.
11111111111111116 uxor 11811, unipotens 181 16.

110 s, 11116, 2 6, 101 11. 11611 r. 28 e.

 

