’ 6161661666.

v⁶⁷1

161161 126, 2215, 22 13, 122 1116166 scorpium 6.

2. 6116661166 1611666 262 16.

ὦῇωωωωωω.
Asopo 6166661111 366 2.

1166 121 2.

116616681616661161. 6611161626 22 11666166 218 18.

6666666 occidemus 122 18.

Olympio 216 15.
61161666 011111 61666 28 6.

2661166 166. 226 13, 222 1, 522 61611166 6116. 22 1, 121 11, 156

2, 552 12, 562 18, 565 2.

26666616 28 2.

Linon: 12 1.

12151 1166661661 gono 512 7.

. 11125ξό63. 21161661 6611666 162

min 152 17.

1666116616 22 5, 1662.

1666116 21 23, 12217,122 15.

S„ 166166 188 22.

luno 1661. 257 7.

languorum 61661616τὶ616 223 21.

1166161661 3622, 222 13, 236 15,

16666 227 18.

1666612666 516 16.

nonnul 066166666666 228 23.

unaue! 6656616616161222 8.

1161661166 1161166222 3.

'mfflmmfflo

nacionum 397 12.

116116 Andronici 6661557 17.

lmine 6666661166 223 22.

azinium 63 7.

“ S. 16116166 285 16, 222 13, 223
18, 361 3, 322 13, 32518, 327
16, 36621, 365 6, 367 23,
326 27, 268 26, 226 26, 253
2, 222 129261 11, 272 13, 282
26, 91 1 .

1611616666 123 13.

11666 39 12,

1166166166 26 3.

11111666 503 25.

1666166 202 22.

16666 283 15, 217 5, 221 2, 223
3, 288 22.

11111166 136 8.

1161 166 8, 118 3, 263 12.
inimi 513 11.

1166666166 12.

1116666 568 16, 562 2.
nicephoro· 6666666661 gener

nffiffimmmmmo

111166 fl· 13 12, 261 21.

12, 152 2, 15317, 178 2.
016616 666. 26 22, 27 22.
01166 121 23. ·

Oropus 23 16.
2616661661 118 io. ⁴

76. 26166616166 23 13, 1283, ,128
22, 187 21, 267 12, 22616,
221 2, 552 3. ,

26166611661211,22618. ,

26166166 182 2, 226 21,512 12.

blangioni& 2, 111 16, 213 16,

266166 666616166 125 22, 268 12,
378 23, 386 1, 162 17, 228 2,
231 1, 225 12, 22216.

266166 6611161616 67 3.

Peloponnesii 77 18, 229 1.

2616116 136 2.

2661666116 16 7.

2611611166 6. 1161116166 28 12, 261

261666 82 7, 122 23, 221 8.

261166 6116616166 212 21, 235 15.

25616656666 92 18.

2116166 12 11, 222 12.

256166616611166666 161 2,

Philippi 666. 562 12.

2511615666 66661666 6666611166.

Phocaea 502 3, 565 2, 55222.

Phoenicio 15 10, 22618
26611666 272 3.

21666166 ι191 15,

- 1666666161 12.

2161621121, 2875. 2161611166
61663091.

261116661618

26611 oni ἤν 25 861 16, 83 23,
1172 16166625 19.

116116 66166 1862, 1812.

2166166 22622, 287 6.

216666666666 566 11.

2161166116 86 1,

Protagoran 375 5.

21616612001.

2161661661 661ρ1111111261 32 11.

21161166 67 12.

mmmm

 

