18888 8187081058. 559

1111111111.011551511111155411.
Babylonius 5111111 461 14.15.05ιγ15115111511311,11510,
811551111355111111507 54011. 1187, 185 13, 1989, 3075,
nulum celeber 31 17, 1393, 3173, 3799, 410 13, 416 11,

135 13,15715,17118.“ 41115,41318, 43054351,
8. 8115111111 14, 1833, 185 44118, 4438, 445155111,

10,1895,3005,30410,305 445145110,44911,45114,

15 3095, 31511, 31011, 315 4753, 487 19, 488 14, 4891

10, 3415, 36411, 398 19, 441 5111, 490144945 49519,

1,4839,4857. , 49711,5,1765315.
bellur 11315. χρυσ51--1151511513
8515155148811. 01115111515,19 17.
7111511101 10, 5093 cleodemus 377 19.
81151111847, 117 10. 01515511913
81115 opp. 153 18, 1498, 510 015111115153911.

16. coccione Heracleae 1555551101
1181115511111511511114111. 1, 801. 01515111551101
Boeotio 40 1. 11, 10414, 144 5, 14911, 519
negenite 1551, 1554. 15, 55113.

8111111354 11. coelesyria 14 15, 14019.

cei· 118 18. 151511118551111 1113.
0115511 351 19. concillum 1511151414 7, 415 16,
01111551 101 5. 440 1.

culinae 5111151551 Cp. ·195 7, 0515151511111111181 13, 1041. Ι

134 115149 11, 1575, 510 7, corcynei 77 17.

5331. 8. 051111 177 4, 490 11.
cellolas 851111 533 18. 0111151 11511111ιί551 144 9.
01151551115053. 01511115. 394, 45 13, 8415,
tle cemele proverblum 194 11. 1836. .
conire· opp. 11 1. 0151111110 11.
11.0111551151511410,3711, 53 01.51115111ι 401, 4111, 853.

11,5510,1491,17119,177 cyclope 118 17. 095115551345.

11,1955,13511,34116,377 01.ι11518 1911. ·

11, 51515. 01355118551115151555511151314.
cemele· 151514011. 01151111 yoc 411 10. “
0111511515. 46 11. 5111111111 18, 1835.
euplum 11115 199 15. 05 rene urbe 166.
011159110514113. 1,5111111119111, 19517,198
01111111 41 10, 8417, 87 14, 88 1, 30111,30913, 493 ll.

19,895,15117,177 15, 189 1501511151111131,1783, 181

7514113.19,2913,1973,19855111
οιιιιιιιιιειιιι 151111150315. 30513, 31919,31710,339
0555115111555151 1493, 5573. 11, 3504, 353 1 5111, 355
chelme 1511113387. 1,5 3577, 35719, 413 13, 436

055155151887, 9011,11711,11,45313.
5048. 011151111511417,14010.

05115551(ἱ 1810,3110,3310,111ἑι1ἓ111613, 18310, 41514,
Chemldee leeleeeoe 1849. noeane· opp. 117 18.
0551515511 85 10, 118 11, 103 Durine 1513.
15, 113 14. 1115511111 11115 5591.
05151111. 517, 783. 111113 1171, 315 7, 33111, 530
0511111 11 8. leem· lmego 115 13, 52ἷὲ58 l16 ldooemlc 011·
‘l

 

