571 ‚
11111111 11111111 11.

Rhoda 111. 11 11,1111 11 19.

811111111111111 legum 5181.

111111 113 11.

noni· 111 15, 199 11, 511 18.

mollin· 133 ιι.

saluis 111. 11 18.

191-111151, 139 11.

canthum 119 11.

811111188 5

81111111 111. 199 1.

§muner Ι. 51 18,111 11.

scarpim 1. 1111111111 et Riphon.

111 mo 111 189 1.

811111118189911. Mopse&-
11111 513 19, 511 17. 11μᾶ-
111 me. 9111111111199 19.
ιε’ 01119111 1111111115 19.

Salsum 119 11, 119 11, 519

bssm&

811111 118 19, 1999, 559 13

Sum 85 11.

811111 11911.

811111 Ι. 111 11.

Sim 9111111. 551 8

Sino· 11111 519 13.

8111111 135 19.

81111111 51 1, Μ 13

&dm ³³8 8

8. &phin 198 19, 191 11, 135 8,
11119, 151 9, 519 11, 538 19.

Sophocle· 359 1. ’

Sozopolis 81 11.

8111 1519.

smo- netnphmm 385 1.

3111111111111111 111 11.

Syneon 11111111511 532 ιο,

mnu msromcus„

81111 15 11.

runi· 111,9911,19111,199

um· 19 19.

felchim 381 3.

Tenediorum portu 51 9, 11911

Tenedus 111. 189, 85 11, 135 11,
111 11, 111 51 15111, 1515,
593 11, 531 11, 5515.

temo 1111111111 1.

m! 11011 378 81 3817, m
1, 391 11, 111 1.

Thebe Aegyptiam 113

neb-0 1111111111 11 11, 18915

Themistocles 11 19.

Theodora Graptus 399 18, 381 9,
158 8193 11, 191 5

neopum· 11111111 episeopo

8. mophim 381 1.

neon-u· 199 11, 311 19.

11111111 88 5.

1111111111 331 11.

11111111 19 8.

thu-nli· 551 19.

Τ11111111111119, 151, 117,
111 11, 118 11. 181 1, 1111,
198 19, 559 1

1111111111 11.

uncia 19 19. 199 1, 2oe 19,
5191. 111111111111115918,

nuto 111. 511 11.

11151111 199 1, 119 3, 519 19

ij· 51 11.

Tyrrhenicum 111111 1991.

11111119 11,

uum 118 11.

Veneti 11 10,15 5, 8118, 111

19, 111 13, 189 9
Venetiae 11 ,19, 85 5, 115 9·
1111511111 urb· 11111111 511 11.

u————-—‘—-

 

