innox ,

’ nominum propriorum iomi ioriii.

17111111 561 21. Aniioohonsss 210 9.
17111 128 18. 1111111111 1512.
sinim 125 20. 116111118111111 1. 1512.
1111111111 100 16, 5576. 111111116126311.
Achilles 51 21. Ambos 16 5, 19 1. 11111111
Acindynus 139 3. 32 6.
1311111111 1111177 16. Archilochus 382 21.
11111111 1111110 13, 81 23. 11111 1111111501 11.
Aegeus 10 8. Ariadne 1111111111 1. 10 11
Aegyptii 283 20. 1111111398 19.
1111111111. 1829, 237 17, 2193. Aristides 153 3.
Aeolis 560 2. Arisioioiss 256 18.
11111111111 101 16. 11111 185 6, 187 6, 3252155211·
Aesopi 11111111 19121, 518 15. 11111111111111111. 13 6.
Asinii 10016, 557 6. 1111 1781, 181 22, 22113.
Agstnsngoius csiiissnsi f. 6 1. 1111111111 11111558 3.
1111111111 266 8, 312 5. ’ 11111111ῐί 11111111πί11 188 111

Asni 532 7. 195 6.
111111 532 19. 8. Athanasius 12516, 275 7, 281
1111111111 11. 11, 1111, 11111, ooo 11111
1111111111 11111111 16 22, 19 23, 9, 113 22, 332 11, 339 9, :iiii

83 3, 180 11. 16, 366 17. ι
111111111 Assos 1192, 557 17. 1111111117 11.
11111111111111111111310,1122. Ainos nnons 18213, 183 17, 258
1111111111 in (iiiiois 16 22. 13, 397 11, 538 3.
Alpes 193 11. 1111111111 1111111168 16.
1161111 cres 211 13. 111111 166 15.
Andronici dno 11111. 553 2. 111111 10 2, 283 23.
Andronicus imp. 23811, 557 16. 1111113 10.
Angelos 11111 152 8. 81611111111111111 13 15.

11ἷέῗὶ ι21111111ςί 11111 1191, Βιξᾶ1110111111111111 15111200

 

