GRAMMATICUS. 587

μ11311μ11101711110575. 719 7. 1031111110 01111 771
μειδιῶσα 1101111777 9, 300 9. 15. 1111 51111 Βυζαντίοις 735
μέλι 1311101717 73, 17131111 889 71.

70, 1131νῆ1 890 1. 311111113ό1904 17.

1111111111 117111131μ111741 1. 3331111 χ 3111 459 4, 901 17.
1111111111 11171111 070 17. 11013331111 ίμπῆξαί 1111 978
1111111301 170 11, 771 3. 10. ὑπ’ 333111 54 71, 97 18,
1111111111. ”111 11, 111 11. 11111, 1111 1, 7111111111,
111111111111Ἳ3070, 549 14. 797 75, 987 14, ⁸¹64 71.
ἦ μητρόπολις 1171 313ο337111 311111113311111113184 70.

“ 183 74. 3131111111 δεήσεις 715 5.
μαρογνῶμονος 111111113“14 9. Ὄλυμπος 3111101 904 4. “ 'omp-
1111111υέ1 197 77. 11111 1111131111 3111111043 73,
111111 11111111 3111773 7, 799 0. ”734 1, 391 74. Ό13μπους
1111111111 710 73. προσέθηκεν 7111 11111111 11111131
μονῆ 707 3, 770 5. 1078 70. ’0111111111 11111111
μ11311111119019. · 111111 1111111111 ”382 1.
μ11331111 80 13, 114 1. ’0111111111 131111 ’55 4, 17μ11111·
1111111 11 1111“459 8. 1131111 “717 10.
μ111171111197 73. 3131111111 705 8, 301 10, 490 4.
μ111111 ψυχῆς 307 71, 497 3, 1047 3113111111 075 73, 730 17.

19. 3113111111 κατάρας 887 8.
1111111113 1113111101“370 18. 1111311111 71111 11 017 71.
11117172· 71111771 1·

131111 λογισμῶν 983 7. 1310 5111001 50714, 939 71, ”158
11111311μ11 143 0. 7, 108 17.

ηζοι711111 487 11. 3711113111 γραμματεύς 130 8.
11111ο111111111“101 17. 311113113111111033 10.

ξίφη 111113 1059 3. 511171111111111111“710 17.
1111111548 10, 705 0. 31111111111301 77, 011 3, 087
71111111711“95 4, 179 5. 15.

ἧ 3311111111 87 17, 547 1. 0111011113111103917.

ᾗ 1171ιὶ31111)γῖ μονή 555 1, 559 3111113111 111113 1111μ10 1111111101
333171 11111μᾶ1111 799 4. vic 31 1νῆ 31111171 1131 544 73,

1111111079 1. 18, ’550 9.

1711111549, 558, 7014, 199 70. 13 3111731ς11713ογ113111“4479.
1111131111 γράμματα 758,,7. 131113 730 13.
3 οἶνος 1311 ἔχει 1113111111 “377 ἐξ 1311111 55170, 005 73, 995

11 1ΜΜ1Ἢο11
1711131111 1171133111 407 71. ,511μῆ 71111141 14, 107 10, 177
171131110131 715 5, ”575 9. ἐξ 3, 157 15, 107 9, 335 15, 1344

17111111 111 17111111 11μ3ς 747 ’7, 340 3, 377 74.

10. 31111 305 8, 308 15, 085 9.
nm 1111311111 τῆς ψυχῆς 713 13171111 ”401 15.

11, 111 11, 111 11, 11111 11. 1111111111 11.

011111111 ἧ11αις 8300. 11131· ὀφθαλμοῖς 11113111 3101 ⁸¹⁶⁶ 17.

mc 31111 903 77, 3111ς 113- ὄφις 111311 11113 οιος 701 0.

1111119131, 311111 11111161αὸ1 3111 11811 1183111111 75 11, 97777, ‚

2 7 ῙΜ α 18 ι ι 0
311111 1111111ῖὲ mnf 15111 704 11111111 πως 1113 mr 007 15.

73- 31111 111111 00 0. 3111 ὠνομασμένον 19, 708 17,

1111711 99 17. 01111 1111111 790 1.

U

 

